20.000 20.082
22.440 20.342
25.179 20.525
28.251 20.595
31.698 20.850
35.566 20.919
39.905 21.107
44.774 21.042
50.238 21.080
56.368 21.226
63.246 21.245
70.963 21.105
79.621 21.266
89.337 21.284
100.237 21.228
112.468 21.204
126.191 21.286
141.589 21.256
158.866 21.322
178.250 21.376
200.000 21.340
224.404 21.315
251.785 21.400
282.508 21.274
316.979 21.345
355.656 21.366
399.052 21.339
447.744 21.322
502.377 21.299
563.677 21.312
632.456 21.381
709.627 21.350
796.214 21.332
893.367 21.347
1002.374 21.261
1124.683 21.298
1261.915 21.236
1415.892 21.259
1588.656 21.278
1782.502 21.742
2000.000 21.623
2244.037 21.723
2517.851 21.660
2825.075 21.583
3169.786 21.599
3556.559 21.436
3990.525 21.541
4477.442 21.423
5023.773 21.375
5636.766 21.331
6324.555 21.244
7096.268 21.336
7962.143 21.427
8933.672 21.336
10023.745 21.646
11246.827 21.729
12619.147 21.909
14158.916 22.181
15886.565 22.649
17825.019 23.484
20000.000 24.277
