20.000 20.505
22.440 20.725
25.179 21.090
28.251 21.171
31.698 21.288
35.566 21.387
39.905 21.456
44.774 21.649
50.238 21.683
56.368 21.762
63.246 21.710
70.963 21.732
79.621 21.748
89.337 21.808
100.237 21.833
112.468 21.872
126.191 21.903
141.589 21.831
158.866 21.872
178.250 21.910
200.000 21.863
224.404 21.839
251.785 21.876
282.508 21.911
316.979 21.949
355.656 21.845
399.052 21.832
447.744 21.970
502.377 21.900
563.677 21.904
632.456 21.927
709.627 21.923
796.214 21.871
893.367 21.884
1002.374 21.902
1124.683 21.918
1261.915 21.879
1415.892 21.887
1588.656 21.841
1782.502 22.411
2000.000 22.259
2244.037 22.206
2517.851 22.321
2825.075 22.300
3169.786 22.206
3556.559 22.213
3990.525 22.219
4477.442 22.146
5023.773 21.995
5636.766 22.032
6324.555 21.979
7096.268 21.978
7962.143 22.028
8933.672 22.040
10023.745 22.216
11246.827 22.243
12619.147 22.590
14158.916 22.959
15886.565 23.378
17825.019 24.162
20000.000 25.066
