20.000 19.405
22.440 19.660
25.179 19.862
28.251 19.931
31.698 20.062
35.566 20.140
39.905 20.249
44.774 20.256
50.238 20.331
56.368 20.354
63.246 20.416
70.963 20.439
79.621 20.426
89.337 20.500
100.237 20.500
112.468 20.454
126.191 20.496
141.589 20.432
158.866 20.474
178.250 20.470
200.000 20.464
224.404 20.558
251.785 20.518
282.508 20.505
316.979 20.525
355.656 20.518
399.052 20.591
447.744 20.611
502.377 20.558
563.677 20.583
632.456 20.616
709.627 20.622
796.214 20.632
893.367 20.654
1002.374 20.702
1124.683 20.662
1261.915 20.678
1415.892 20.662
1588.656 20.680
1782.502 20.982
2000.000 21.137
2244.037 21.130
2517.851 21.068
2825.075 21.123
3169.786 21.089
3556.559 21.133
3990.525 21.036
4477.442 21.071
5023.773 21.106
5636.766 21.080
6324.555 21.039
7096.268 21.133
7962.143 21.190
8933.672 21.416
10023.745 21.384
11246.827 21.623
12619.147 21.721
14158.916 22.202
15886.565 22.671
17825.019 23.558
20000.000 24.278
