20.000 20.126
22.440 20.343
25.179 20.443
28.251 20.660
31.698 20.802
35.566 20.904
39.905 21.075
44.774 21.044
50.238 21.038
56.368 21.170
63.246 21.100
70.963 21.252
79.621 21.218
89.337 21.200
100.237 21.380
112.468 21.255
126.191 21.387
141.589 21.387
158.866 21.356
178.250 21.342
200.000 21.303
224.404 21.286
251.785 21.313
282.508 21.272
316.979 21.322
355.656 21.293
399.052 21.282
447.744 21.320
502.377 21.364
563.677 21.377
632.456 21.323
709.627 21.334
796.214 21.338
893.367 21.335
1002.374 21.379
1124.683 21.360
1261.915 21.370
1415.892 21.351
1588.656 21.358
1782.502 21.759
2000.000 21.668
2244.037 21.727
2517.851 21.790
2825.075 21.684
3169.786 21.664
3556.559 21.516
3990.525 21.612
4477.442 21.466
5023.773 21.446
5636.766 21.385
6324.555 21.398
7096.268 21.495
7962.143 21.382
8933.672 21.263
10023.745 21.682
11246.827 21.729
12619.147 22.038
14158.916 22.269
15886.565 22.747
17825.019 23.519
20000.000 24.261
