20.000 20.559
22.440 20.833
25.179 21.056
28.251 21.108
31.698 21.330
35.566 21.361
39.905 21.447
44.774 21.711
50.238 21.746
56.368 21.682
63.246 21.772
70.963 21.882
79.621 21.919
89.337 21.824
100.237 21.756
112.468 21.885
126.191 21.940
141.589 21.768
158.866 21.828
178.250 21.925
200.000 21.919
224.404 21.924
251.785 22.034
282.508 21.912
316.979 21.961
355.656 21.865
399.052 22.048
447.744 22.019
502.377 22.058
563.677 22.032
632.456 22.019
709.627 21.997
796.214 22.064
893.367 21.966
1002.374 21.876
1124.683 21.931
1261.915 21.903
1415.892 21.832
1588.656 21.835
1782.502 22.177
2000.000 22.020
2244.037 22.038
2517.851 21.944
2825.075 21.687
3169.786 21.580
3556.559 21.468
3990.525 21.432
4477.442 21.194
5023.773 21.037
5636.766 20.904
6324.555 20.643
7096.268 20.473
7962.143 20.347
8933.672 20.221
10023.745 20.107
11246.827 19.925
12619.147 20.070
14158.916 20.100
15886.565 20.266
17825.019 20.559
20000.000 20.979
