20.000 19.959
22.440 20.188
25.179 20.391
28.251 20.661
31.698 20.831
35.566 21.027
39.905 21.057
44.774 21.071
50.238 21.194
56.368 21.263
63.246 21.338
70.963 21.433
79.621 21.442
89.337 21.469
100.237 21.494
112.468 21.495
126.191 21.552
141.589 21.548
158.866 21.593
178.250 21.623
200.000 21.571
224.404 21.659
251.785 21.562
282.508 21.588
316.979 21.627
355.656 21.513
399.052 21.594
447.744 21.557
502.377 21.552
563.677 21.592
632.456 21.558
709.627 21.570
796.214 21.536
893.367 21.404
1002.374 21.510
1124.683 21.488
1261.915 21.475
1415.892 21.394
1588.656 21.375
1782.502 21.693
2000.000 21.477
2244.037 21.518
2517.851 21.423
2825.075 21.139
3169.786 21.152
3556.559 20.951
3990.525 20.758
4477.442 20.499
5023.773 20.331
5636.766 20.225
6324.555 19.984
7096.268 19.728
7962.143 19.529
8933.672 19.389
10023.745 19.170
11246.827 19.037
12619.147 19.085
14158.916 19.010
15886.565 19.217
17825.019 19.443
20000.000 19.815
