20.000 24.577
22.440 21.599
25.179 18.854
28.251 17.136
31.698 15.247
35.566 13.900
39.905 11.766
44.774 10.357
50.238 9.831
56.368 8.013
63.246 8.079
70.963 7.054
79.621 6.770
89.337 4.758
100.237 5.050
112.468 4.068
126.191 3.387
141.589 2.643
158.866 2.288
178.250 1.913
200.000 1.755
224.404 1.734
251.785 1.491
282.508 1.438
316.979 0.559
355.656 0.977
399.052 0.086
447.744 0.249
502.377 0.673
563.677 0.760
632.456 0.080
709.627 1.495
796.214 1.296
893.367 0.996
1002.374 2.001
1124.683 2.480
1261.915 3.686
1415.892 2.849
1588.656 3.588
1782.502 4.610
2000.000 5.973
2244.037 4.970
2517.851 6.129
2825.075 9.875
3169.786 6.039
3556.559 7.092
3990.525 8.964
4477.442 9.495
5023.773 10.467
5636.766 13.095
6324.555 13.608
7096.268 13.796
7962.143 13.943
8933.672 14.617
10023.745 13.386
11246.827 18.454
12619.147 17.326
14158.916 18.591
15886.565 24.678
17825.019 21.410
20000.000 21.829
