20.000 23.165
22.440 20.568
25.179 18.385
28.251 16.943
31.698 15.000
35.566 13.298
39.905 12.122
44.774 10.521
50.238 9.962
56.368 8.286
63.246 6.786
70.963 6.314
79.621 5.632
89.337 5.006
100.237 4.190
112.468 3.749
126.191 3.527
141.589 3.488
158.866 3.887
178.250 1.618
200.000 3.156
224.404 1.797
251.785 1.631
282.508 1.633
316.979 1.241
355.656 0.565
399.052 0.764
447.744 1.389
502.377 0.785
563.677 0.858
632.456 0.339
709.627 0.569
796.214 0.744
893.367 0.302
1002.374 1.067
1124.683 1.218
1261.915 0.449
1415.892 1.023
1588.656 1.774
1782.502 2.694
2000.000 4.018
2244.037 2.650
2517.851 4.344
2825.075 6.719
3169.786 2.904
3556.559 4.402
3990.525 4.172
4477.442 2.875
5023.773 5.697
5636.766 7.079
6324.555 6.361
7096.268 7.897
7962.143 8.419
8933.672 8.069
10023.745 12.229
11246.827 10.492
12619.147 9.230
14158.916 9.918
15886.565 12.136
17825.019 12.198
20000.000 12.596
