20.000 23.715
22.440 21.198
25.179 18.707
28.251 17.076
31.698 14.803
35.566 13.379
39.905 12.235
44.774 10.889
50.238 9.873
56.368 7.680
63.246 7.398
70.963 6.883
79.621 5.921
89.337 5.808
100.237 4.634
112.468 4.573
126.191 4.288
141.589 3.180
158.866 2.902
178.250 2.564
200.000 2.777
224.404 1.847
251.785 1.680
282.508 1.334
316.979 1.244
355.656 0.573
399.052 0.419
447.744 1.060
502.377 0.061
563.677 0.060
632.456 0.063
709.627 0.203
796.214 0.181
893.367 0.661
1002.374 0.476
1124.683 1.134
1261.915 1.294
1415.892 0.977
1588.656 2.479
1782.502 0.487
2000.000 3.183
2244.037 2.784
2517.851 2.689
2825.075 3.175
3169.786 3.075
3556.559 2.868
3990.525 2.806
4477.442 4.224
5023.773 4.612
5636.766 6.090
6324.555 4.742
7096.268 7.737
7962.143 5.858
8933.672 10.349
10023.745 7.463
11246.827 11.524
12619.147 9.759
14158.916 10.903
15886.565 10.870
17825.019 12.365
20000.000 15.257
