20.000 25.424
22.440 22.589
25.179 20.473
28.251 18.488
31.698 16.347
35.566 14.377
39.905 13.726
44.774 11.917
50.238 10.756
56.368 9.189
63.246 7.492
70.963 7.272
79.621 6.542
89.337 5.198
100.237 4.957
112.468 4.322
126.191 3.910
141.589 3.347
158.866 3.285
178.250 1.010
200.000 2.175
224.404 1.403
251.785 1.693
282.508 0.785
316.979 0.226
355.656 0.624
399.052 0.347
447.744 0.061
502.377 0.049
563.677 0.698
632.456 1.291
709.627 0.766
796.214 1.224
893.367 1.778
1002.374 2.011
1124.683 3.121
1261.915 3.366
1415.892 2.699
1588.656 5.327
1782.502 5.257
2000.000 5.509
2244.037 6.019
2517.851 6.882
2825.075 8.659
3169.786 7.646
3556.559 11.233
3990.525 10.166
4477.442 13.092
5023.773 11.072
5636.766 10.692
6324.555 13.235
7096.268 13.501
7962.143 15.906
8933.672 17.277
10023.745 17.573
11246.827 19.268
12619.147 18.553
14158.916 21.799
15886.565 23.169
17825.019 19.514
20000.000 23.577
