20.000 158.060
22.440 160.212
25.179 161.794
28.251 163.873
31.698 165.657
35.566 167.823
39.905 168.223
44.774 169.807
50.238 170.885
56.368 171.754
63.246 173.053
70.963 173.504
79.621 174.826
89.337 174.915
100.237 176.116
112.468 176.076
126.191 176.206
141.589 176.841
158.866 177.097
178.250 177.780
200.000 176.643
224.404 178.527
251.785 177.963
282.508 178.065
316.979 178.788
355.656 178.756
399.052 178.845
447.744 179.674
502.377 179.271
563.677 179.201
632.456 179.515
709.627 179.861
796.214 179.909
893.367 179.464
1002.374 179.859
1124.683 179.808
1261.915 178.889
1415.892 178.700
1588.656 178.393
1782.502 177.344
2000.000 178.792
2244.037 178.240
2517.851 178.313
2825.075 177.920
3169.786 176.199
3556.559 176.783
3990.525 175.222
4477.442 175.546
5023.773 173.277
5636.766 176.698
6324.555 174.491
7096.268 172.789
7962.143 171.607
8933.672 172.630
10023.745 173.544
11246.827 172.095
12619.147 170.553
14158.916 168.743
15886.565 167.867
17825.019 166.478
20000.000 163.345
