20.000 23.683
22.440 21.119
25.179 18.504
28.251 16.758
31.698 15.761
35.566 12.985
39.905 11.919
44.774 10.941
50.238 9.270
56.368 8.368
63.246 6.850
70.963 6.518
79.621 6.854
89.337 5.610
100.237 4.681
112.468 4.230
126.191 3.890
141.589 2.923
158.866 2.820
178.250 1.266
200.000 2.093
224.404 2.234
251.785 1.481
282.508 1.233
316.979 1.460
355.656 0.826
399.052 0.749
447.744 1.144
502.377 0.739
563.677 0.048
632.456 0.048
709.627 0.947
796.214 0.319
893.367 0.341
1002.374 1.289
1124.683 1.652
1261.915 0.399
1415.892 1.273
1588.656 2.839
1782.502 0.493
2000.000 4.516
2244.037 2.630
2517.851 1.874
2825.075 3.700
3169.786 4.937
3556.559 1.817
3990.525 6.809
4477.442 4.177
5023.773 3.110
5636.766 3.130
6324.555 7.204
7096.268 6.793
7962.143 7.725
8933.672 8.422
10023.745 5.816
11246.827 7.080
12619.147 9.508
14158.916 10.055
15886.565 9.612
17825.019 9.890
20000.000 14.223
